-326.6 283.3 144.9 
-332.0 263.0 135.2 
-323.9 216.9 106.7 
-280.3 200.6 92.0 
-353.2 200.6 82.4 
-384.7 200.6 79.6 
-349.9 200.6 61.3 
-315.6 200.6 59.7 
-243.0 200.6 78.6 
-220.5 200.6 78.2 
-238.3 208.4 56.9 
-252.8 207.8 56.9 
-243.1 203.4 77.4 
-226.5 203.4 123.8 
-225.0 203.4 151.4 
-200.2 203.4 155.0 
-200.2 203.4 165.8 
-209.5 203.4 137.7 
-232.4 224.3 70.5 
-235.0 224.3 65.1 
-200.1 224.3 91.1 
-200.1 219.1 83.4 
-200.1 222.6 69.8 
-223.5 202.1 89.1 
-207.9 202.1 94.5 
-207.9 211.2 150.4 
-206.9 215.0 232.0 
-205.4 219.0 212.0 
-288.8 227.8 180.3 
-375.3 240.0 153.5 
-313.9 226.6 166.1 
-290.5 225.7 169.9 
-242.3 225.9 179.3 
-210.6 227.1 202.0 
-210.6 230.1 284.1 
-203.9 231.6 284.1 
-202.8 231.5 284.1 
-214.0 230.8 284.1 
-214.6 232.3 244.7 
-267.2 232.7 108.6 
-340.8 232.7 43.6 
-329.2 201.3 65.0 
-308.6 201.9 73.9 
-273.9 201.1 105.3 
-265.7 202.7 148.4 
-301.7 206.1 138.9 
-344.1 206.1 125.1 
