-303.5 297.5 94.8 
-337.2 295.4 83.5 
-378.2 291.8 72.0 
-378.2 286.9 67.6 
-378.2 282.3 66.2 
-378.2 278.0 71.4 
-329.6 282.2 66.0 
-283.6 284.0 66.1 
-238.1 287.0 67.4 
-191.8 290.9 72.1 
-149.4 294.5 82.8 
-111.6 297.4 95.8 
-75.8 300.1 108.3 
-39.4 304.1 124.5 
-4.9 307.9 142.2 
-27.1 306.4 120.4 
-55.1 303.8 96.9 
-85.0 302.4 76.6 
-116.8 301.5 57.7 
-150.9 299.9 39.1 
-186.7 298.3 20.3 
-224.1 297.3 7.1 
-261.2 297.1 7.1 
-296.6 298.4 7.1 
-330.8 297.5 4.5 
-367.5 295.3 2.4 
-367.5 291.6 4.2 
-399.8 287.2 11.1 
-360.5 291.2 3.2 
-318.0 295.3 0.5 
-274.7 298.5 0.3 
-231.4 301.9 5.2 
-194.6 303.9 13.9 
-160.4 306.7 24.9 
-125.5 309.7 36.9 
-88.6 313.6 52.5 
-122.0 308.0 34.3 
-159.5 303.9 20.8 
-198.8 301.1 7.8 
-235.9 299.0 0.1 
-270.8 298.2 0.1 
-306.7 297.4 0.1 
-343.0 296.1 1.2 
-320.2 270.3 0.6 
-282.6 213.8 5.8 
-249.5 213.8 24.0 
-226.8 213.8 51.5 
-213.5 213.8 77.6 
-194.4 242.9 58.9 
-172.7 287.3 37.8 
-158.1 329.0 25.5 
-154.5 360.2 20.2 
-155.6 386.8 17.4 
-157.0 386.8 17.1 
-158.2 386.8 19.3 
-165.0 386.8 24.6 
-177.8 386.8 37.8 
-195.9 386.8 52.7 
-214.8 347.8 35.0 
-215.4 311.2 35.0 
-214.7 296.1 35.0 
-204.1 285.6 72.8 
-192.5 268.2 128.2 
-188.4 256.5 190.5 
-192.9 255.2 247.6 
-207.8 258.4 247.6 
-228.4 255.8 297.5 
-238.6 254.3 297.5 
-227.0 260.8 275.9 
-211.5 269.0 230.0 
-204.1 276.8 177.5 
-197.8 285.7 128.4 
-196.9 299.3 68.9 
-195.1 308.7 5.6 
-198.8 316.4 5.6 
-211.2 332.8 5.6 
-208.0 305.5 45.0 
-202.4 287.7 100.5 
-194.5 278.8 160.4 
-193.8 272.6 214.2 
-194.7 273.7 263.2 
-205.0 277.7 263.2 
-221.6 280.5 295.5 
-191.0 277.0 243.4 
-175.3 275.0 173.8 
-175.5 280.2 104.3 
-189.4 287.0 46.2 
-196.8 293.1 3.6 
-210.1 301.9 3.6 
-228.7 316.0 3.6 
-214.4 288.4 49.5 
-206.7 274.6 112.6 
-194.4 272.3 185.5 
-189.7 276.4 258.8 
-195.8 284.7 258.8 
-210.2 288.4 258.8 
-225.1 292.2 282.9 
-222.9 293.4 259.7 
-233.1 291.1 206.7 
-270.5 285.9 150.4 
-327.4 284.2 105.2 
-394.5 287.2 85.3 
-394.5 301.6 81.5 
-363.5 300.6 77.1 
-282.5 293.7 68.4 
-187.5 288.8 76.6 
-101.5 294.4 105.5 
-61.9 301.9 131.0 
-99.6 296.6 104.9 
-164.1 289.5 72.4 
-247.2 283.5 43.6 
-331.3 280.6 27.0 
-331.3 282.1 25.9 
-376.9 289.6 30.5 
-318.6 283.8 21.2 
-236.4 275.9 15.7 
-150.7 272.2 19.4 
-68.3 273.6 33.0 
14.4 277.7 58.9 
87.6 285.1 101.8 
130.2 293.9 149.5 
146.1 301.4 179.4 
132.6 296.7 152.1 
87.7 289.5 99.2 
-4.5 283.4 39.5 
-136.9 277.5 39.5 
-274.2 273.6 31.6 
-399.4 276.8 47.2 
-399.4 290.1 76.5 
-399.4 303.1 100.2 
-326.9 296.6 69.6 
-210.8 289.3 42.7 
-73.2 283.3 33.9 
62.3 280.3 46.8 
185.4 280.5 80.4 
185.4 282.7 130.7 
185.4 287.1 182.9 
185.4 291.1 212.8 
153.1 282.9 171.3 
74.5 272.0 112.3 
-41.6 263.0 68.9 
-176.9 260.2 46.5 
-307.2 265.8 44.6 
-307.2 275.3 59.0 
-374.1 286.8 75.1 
-305.1 283.8 57.3 
-195.1 284.2 45.7 
-72.2 283.7 46.0 
43.4 284.5 62.9 
144.5 287.8 94.6 
144.5 290.5 138.5 
189.9 295.9 183.8 
149.3 293.3 140.6 
71.1 286.9 91.9 
-33.5 281.3 57.3 
-156.0 287.2 35.4 
-265.8 304.9 29.4 
-181.4 296.4 37.7 
-56.8 298.2 71.7 
44.3 311.6 128.3 
91.4 334.4 192.6 
99.7 344.7 229.8 
99.4 330.9 196.7 
56.3 328.2 127.7 
-10.9 356.7 77.7 
34.1 349.5 124.5 
54.0 343.0 181.5 
47.0 337.7 203.7 
39.3 341.3 181.8 
