-286.8 299.3 164.4 
-261.4 293.2 164.4 
-206.6 286.5 174.2 
-119.8 280.7 226.2 
-149.0 280.1 201.8 
-248.0 286.5 135.2 
-303.3 314.2 78.0 
-306.8 276.7 99.7 
-303.5 229.8 192.8 
-296.3 230.5 249.3 
-288.3 215.2 297.4 
-270.3 205.8 297.4 
-249.6 210.5 297.4 
-248.7 201.6 297.4 
-244.0 201.6 299.2 
-249.9 201.6 293.0 
-269.8 269.7 147.4 
-285.1 299.2 95.8 
-291.2 328.2 47.8 
-322.5 335.6 50.2 
-389.3 331.1 86.0 
-389.3 331.9 128.7 
-389.3 327.2 163.8 
-351.6 312.2 100.0 
-270.4 332.6 53.3 
-204.7 349.1 41.5 
-198.9 353.4 11.5 
-210.5 327.4 19.9 
-229.6 245.4 89.9 
-249.1 206.3 206.7 
-232.6 204.6 248.2 
-235.5 204.6 177.0 
-246.0 234.7 110.6 
-242.3 284.4 8.3 
-242.3 265.7 40.1 
-232.0 244.6 106.3 
-206.8 246.4 172.2 
-183.5 250.3 192.1 
-195.7 247.2 252.3 
-169.3 234.9 252.3 
-167.4 230.2 292.9 
-168.5 228.9 292.9 
-167.0 227.2 292.9 
-185.6 245.3 208.3 
-192.2 249.3 147.6 
-205.1 250.1 120.2 
-215.2 258.8 97.0 
-25.1 251.1 69.3 
-141.1 244.6 33.4 
-312.0 235.1 149.9 
-213.1 237.2 80.8 
-312.4 223.1 144.7 
-319.2 227.9 224.9 
-310.7 226.3 181.5 
-295.1 225.0 154.3 
-264.0 223.5 118.5 
-231.3 224.2 92.9 
-308.2 216.5 141.5 
-340.4 218.3 188.4 
-332.7 231.9 156.3 
-333.3 244.7 131.0 
-322.2 269.1 98.2 
-320.4 301.7 64.2 
-323.1 266.9 91.9 
-320.5 231.4 149.3 
-313.5 211.2 192.7 
-255.6 208.2 200.8 
-133.1 200.5 270.0 
-168.2 207.8 224.5 
-246.0 207.8 182.4 
-275.2 207.8 197.2 
-301.3 228.2 183.6 
-361.8 249.4 178.1 
-361.8 272.0 199.9 
-377.1 276.1 220.2 
-346.5 279.3 190.3 
-272.9 308.0 110.0 
-244.0 336.0 77.5 
-229.7 367.7 70.3 
-244.2 317.5 118.1 
-253.4 261.6 185.0 
-285.0 264.2 199.0 
-322.4 265.2 209.2 
-360.7 263.6 238.8 
-378.2 258.6 267.7 
-302.4 269.9 255.9 
-219.3 265.7 255.9 
-374.3 254.6 223.2 
-368.5 286.0 166.2 
-370.5 324.0 128.5 
-364.3 378.8 98.0 
-366.3 343.7 124.3 
-362.8 302.6 171.3 
-355.8 253.8 232.7 
-349.2 203.7 295.1 
-332.3 207.5 295.1 
-316.4 206.7 295.1 
-308.7 215.7 295.1 
-312.0 215.7 299.9 
-321.4 231.3 272.2 
-338.9 255.4 198.5 
-354.0 298.4 128.1 
-367.0 319.9 103.7 
-367.0 345.1 99.8 
-367.0 343.6 124.9 
-367.0 339.4 164.6 
-373.4 337.7 199.2 
-345.1 328.2 166.2 
-296.6 326.7 139.3 
-231.5 333.1 113.2 
-55.8 336.7 191.5 
-153.2 329.3 131.7 
-290.6 328.7 132.2 
-281.7 282.0 143.6 
-281.3 312.1 120.0 
-279.8 312.1 95.3 
-262.5 336.7 63.4 
-252.4 361.2 35.5 
-233.0 388.7 26.9 
-242.6 331.9 43.3 
-258.8 216.4 135.6 
-203.6 227.9 112.4 
-41.7 215.8 205.8 
-53.9 223.7 180.9 
-124.0 214.5 126.3 
-278.1 224.1 107.5 
-276.0 230.8 84.9 
-279.7 243.2 56.6 
-262.7 268.2 18.8 
-270.8 224.9 60.9 
-268.3 224.9 169.7 
-357.8 211.4 220.9 
-378.6 211.7 256.2 
-361.5 212.0 235.9 
-298.4 215.3 193.1 
-289.5 239.2 183.4 
