-352.4 296.8 159.7 
-352.4 279.6 160.8 
-282.1 281.4 141.9 
-146.5 281.9 140.5 
-209.7 271.2 122.8 
-300.0 275.8 66.0 
-287.9 270.3 39.7 
-194.5 229.9 103.2 
-185.3 229.9 143.6 
-152.7 209.9 153.9 
-23.7 214.9 157.7 
178.9 264.8 290.5 
183.8 291.0 290.5 
125.8 293.6 200.8 
13.1 296.4 116.3 
-116.0 256.1 80.0 
-152.7 259.0 80.1 
-192.6 225.5 75.1 
-282.6 225.5 80.7 
-228.7 225.5 111.5 
-121.6 214.7 185.4 
-66.9 279.5 210.3 
-79.7 336.4 183.8 
-149.7 335.9 177.6 
-264.8 336.5 191.9 
-352.9 342.6 239.5 
-327.7 339.1 218.9 
-267.9 344.2 183.0 
-225.2 344.2 75.0 
-217.2 368.5 75.0 
-152.6 372.0 57.6 
-46.2 369.4 64.4 
137.5 362.2 122.8 
137.5 318.9 174.9 
41.9 318.9 205.7 
-7.3 320.9 217.5 
-20.8 375.8 184.6 
-57.5 380.3 175.7 
-170.2 392.4 154.6 
-262.0 392.4 172.1 
