-319.0 311.2 137.9 
-343.5 307.5 156.6 
-390.6 308.0 173.8 
-390.6 305.5 191.1 
-336.3 301.1 177.1 
-274.4 300.3 164.6 
-205.3 294.2 159.7 
-178.0 294.2 169.7 
-143.7 291.3 194.1 
-125.0 269.3 204.5 
-149.2 269.3 208.9 
-143.6 326.6 193.0 
-203.5 351.1 132.0 
-209.8 363.3 91.4 
-217.1 341.9 207.4 
-222.5 347.4 181.3 
-228.8 342.4 207.5 
-229.1 373.6 219.6 
-252.1 334.9 225.5 
-324.5 304.2 251.8 
-303.4 301.4 238.7 
-225.4 293.9 223.9 
-180.2 288.3 229.7 
-201.3 289.1 225.1 
-241.3 290.9 218.5 
-208.7 290.0 216.9 
-135.6 282.8 230.8 
-107.3 285.8 240.6 
-144.1 250.7 167.2 
-152.5 281.8 159.5 
-148.2 322.4 166.1 
-146.2 325.7 139.8 
-178.5 319.8 147.0 
-235.5 308.6 159.3 
-256.2 306.0 169.5 
-203.8 297.6 152.4 
-169.8 291.4 147.4 
-210.5 286.4 154.2 
-262.5 284.4 181.0 
-240.2 290.0 178.7 
-115.0 280.4 168.1 
-199.4 287.9 175.5 
-203.9 253.5 173.6 
-202.9 251.1 197.7 
-207.0 313.5 153.1 
-207.5 307.7 131.4 
-221.1 363.6 11.8 
-202.6 291.9 142.8 
-208.4 268.3 167.0 
-211.5 269.2 135.8 
-215.9 273.1 110.8 
-213.8 257.7 141.1 
-203.3 245.7 178.8 
-207.4 246.8 199.0 
-242.3 242.7 208.6 
-279.4 236.0 222.0 
-240.5 223.9 211.9 
-177.4 220.2 212.1 
-192.1 223.3 178.8 
-195.0 247.5 99.6 
-196.5 230.7 121.1 
-197.4 230.7 191.4 
-276.8 231.1 227.8 
-311.2 228.2 245.5 
-246.6 228.2 262.9 
-242.0 300.9 220.1 
-200.9 363.3 134.5 
-191.7 363.3 78.3 
-194.2 310.8 108.6 
-200.9 256.7 197.3 
-314.9 240.2 261.0 
-283.8 242.2 236.8 
-135.0 229.1 199.9 
-79.9 243.8 180.8 
-5.9 257.8 185.9 
-53.3 256.2 161.9 
-108.8 256.2 136.8 
-175.2 246.3 143.2 
-251.8 251.2 179.7 
-303.0 283.1 230.8 
-211.5 271.1 189.5 
-140.8 271.2 166.8 
-143.7 277.5 108.4 
-148.7 337.0 55.3 
-163.9 298.3 138.1 
-143.6 281.3 198.8 
-171.0 243.6 256.5 
-239.3 249.9 258.8 
-281.7 248.8 265.4 
-190.9 241.5 235.2 
-121.6 244.8 250.8 
-62.1 235.3 278.5 
-41.8 230.5 278.5 
-71.3 238.0 194.1 
-138.1 260.2 82.3 
-172.3 260.2 137.7 
-205.3 245.2 249.4 
-180.9 329.7 191.4 
-190.1 337.2 168.7 
-194.9 308.8 181.2 
-217.0 329.7 170.5 
-216.2 305.5 178.0 
-215.1 267.0 198.1 
-214.8 232.3 228.1 
-215.9 204.6 258.3 
-218.2 223.3 232.8 
-222.2 223.3 257.1 
-227.9 216.2 280.2 
-224.8 254.2 233.8 
-222.0 292.4 230.8 
-216.6 292.4 178.7 
-227.0 314.6 121.1 
-199.8 367.7 57.2 
-188.2 378.5 27.4 
-227.7 380.5 62.9 
-226.2 373.4 83.5 
-255.1 369.2 99.2 
-287.6 349.9 172.1 
-294.1 344.8 199.0 
-303.1 345.7 219.8 
-223.4 339.0 161.9 
-170.1 359.8 89.7 
-180.3 376.2 24.2 
-155.3 376.2 24.2 
-154.1 346.6 48.5 
-140.4 326.6 114.3 
-158.9 293.3 171.6 
-174.2 269.1 211.2 
-175.1 257.6 234.9 
-170.2 271.2 211.8 
-161.3 295.1 175.2 
-151.3 328.4 159.0 
-228.8 274.8 239.2 
-269.3 243.5 291.3 
-296.3 230.3 291.3 
-242.8 222.9 251.3 
-192.2 221.9 240.7 
-140.6 217.4 249.2 
-105.9 215.6 272.8 
-146.2 215.2 237.4 
-167.9 233.8 185.1 
-173.2 252.7 157.4 
-167.0 278.6 136.7 
-202.7 288.9 149.0 
-246.4 271.5 192.9 
-288.2 255.4 225.3 
-310.0 238.6 262.0 
-280.5 238.6 272.8 
-240.9 268.9 272.8 
-234.4 274.6 272.8 
-185.1 280.8 216.5 
-90.2 289.3 222.9 
-138.9 295.7 135.5 
-121.7 323.9 87.9 
-115.0 341.0 58.4 
-136.8 277.5 94.3 
-179.8 219.3 194.8 
-272.8 247.6 194.8 
-343.8 244.2 257.9 
-273.5 253.0 232.3 
-187.9 266.6 132.6 
-188.7 314.8 65.4 
-161.5 315.2 168.1 
-236.0 321.3 234.1 
