-355.5 273.0 152.5 
-288.1 270.6 161.4 
-77.9 239.8 161.4 
-96.9 230.5 128.4 
-233.8 210.6 128.4 
-233.8 210.6 128.4 
-249.1 210.6 114.9 
-256.0 241.5 87.8 
-291.2 358.9 32.1 
-298.2 358.9 13.9 
-293.5 334.9 51.5 
-253.4 241.5 51.5 
-245.8 241.5 58.2 
-241.9 241.5 59.8 
-247.7 214.7 83.0 
-217.2 274.5 14.3 
-379.8 370.3 14.3 
-353.8 381.8 14.3 
-304.0 381.8 14.3 
-304.2 371.9 46.1 
-244.6 331.3 46.1 
-233.8 336.3 9.7 
-316.0 381.1 9.7 
-310.2 359.3 71.0 
-223.0 316.5 71.0 
-216.7 320.2 44.0 
-143.7 252.3 34.6 
-217.4 262.9 27.0 
-361.7 317.4 27.0 
-361.7 317.4 90.5 
-375.0 313.9 125.3 
-371.3 316.4 98.0 
-265.5 331.4 14.7 
-207.6 322.7 14.7 
-151.9 317.4 14.7 
-151.9 292.7 169.4 
-153.8 292.5 218.3 
-139.1 290.0 246.7 
-139.1 293.9 246.7 
-138.1 294.8 205.6 
-196.3 296.1 53.3 
-196.3 291.1 53.3 
-277.6 279.8 91.1 
-368.5 281.8 242.4 
-363.1 283.8 242.4 
-368.2 273.2 161.6 
-86.9 253.6 161.6 
-12.9 258.6 138.7 
-12.9 268.7 201.2 
81.6 282.7 201.2 
87.9 280.9 270.4 
69.2 285.9 270.4 
83.5 292.6 242.4 
50.7 282.1 197.1 
39.6 281.1 174.3 
-23.3 276.9 76.8 
-23.3 263.5 76.8 
11.6 234.4 125.0 
187.9 289.6 298.5 
178.2 316.4 298.5 
181.4 342.9 298.5 
