-370.2 339.2 181.5 
-389.7 339.5 130.1 
-389.7 379.3 16.3 
-389.7 379.3 16.3 
-389.7 379.3 28.1 
-387.9 207.8 46.6 
-387.9 207.8 79.3 
-387.9 227.7 296.4 
-393.1 225.9 266.6 
-192.2 212.8 113.9 
-161.3 225.3 102.0 
-205.9 284.9 102.0 
-216.2 325.7 93.5 
-225.3 355.2 71.8 
-243.1 332.5 92.3 
-229.1 261.7 148.8 
-199.3 239.9 159.3 
-219.3 257.4 123.8 
-304.8 392.4 41.3 
-291.5 368.9 48.9 
-223.2 318.2 125.7 
-227.5 232.6 131.1 
-223.3 257.1 119.2 
-233.1 337.2 88.0 
-244.4 361.8 77.9 
-239.5 361.8 122.2 
-253.6 342.8 147.5 
-249.9 308.5 150.5 
-237.9 237.7 148.6 
-231.6 259.3 127.6 
-261.8 377.4 92.5 
-228.3 371.0 79.7 
-60.2 372.3 76.6 
-26.1 369.5 78.3 
-57.9 353.6 76.7 
-379.4 301.7 190.3 
-289.3 303.3 117.3 
83.9 352.8 98.4 
-10.5 318.9 81.2 
-10.5 315.6 280.9 
10.8 309.8 223.9 
148.0 301.4 122.2 
180.7 284.3 87.8 
5.4 264.3 147.8 
20.8 278.2 238.8 
20.8 295.4 82.7 
20.8 319.9 135.0 
-35.5 306.0 104.1 
-35.5 287.0 181.6 
33.0 286.4 145.2 
33.0 307.6 143.6 
-2.5 312.7 100.8 
-92.0 357.3 61.4 
-137.9 350.0 68.1 
-279.5 352.2 129.8 
-314.4 341.9 155.8 
-355.6 302.9 155.8 
-371.6 291.6 116.1 
-261.9 289.2 116.1 
-228.9 296.1 111.8 
-210.7 292.5 91.3 
138.0 328.5 85.7 
138.0 326.0 225.9 
127.6 328.3 280.8 
115.1 322.8 244.2 
-35.0 321.4 138.4 
-381.0 324.8 79.0 
-381.0 296.0 111.4 
-327.9 297.5 120.1 
-327.9 300.8 119.0 
-350.7 333.7 107.2 
-379.6 359.7 85.6 
-374.6 327.1 86.7 
-341.7 220.2 105.4 
-349.0 243.0 95.5 
-357.8 390.4 85.7 
-356.7 350.9 81.9 
-371.1 213.7 87.7 
-344.0 221.0 64.5 
-9.1 246.2 12.1 
34.0 246.2 19.7 
9.0 231.5 19.7 
-61.4 213.4 19.7 
-154.0 213.4 90.0 
-149.1 266.7 81.0 
-97.7 246.7 91.5 
-206.9 374.5 91.5 
-237.1 374.5 116.4 
-235.1 349.0 125.7 
-171.2 256.0 230.3 
-202.4 229.3 230.7 
-297.2 340.1 166.9 
-286.0 314.5 179.7 
-236.1 277.5 262.9 
