-389.0 298.9 141.6 
-389.0 296.2 121.9 
-389.0 291.7 113.4 
-356.3 296.4 115.2 
-305.3 299.2 120.6 
-250.1 300.4 129.8 
-194.7 302.0 141.9 
-138.6 304.2 154.9 
-86.6 306.4 168.0 
-34.7 311.0 187.4 
9.6 314.2 210.0 
43.1 315.2 232.4 
5.9 311.7 205.7 
-41.3 309.7 180.5 
-96.3 307.7 158.7 
-152.2 304.4 138.3 
-206.1 302.3 122.8 
-256.7 299.9 111.5 
-302.8 297.8 100.4 
-348.5 295.3 93.2 
-395.3 291.2 91.4 
-395.3 286.0 93.8 
-395.3 278.4 103.5 
-395.3 271.2 119.1 
-360.5 274.7 106.7 
-311.3 279.7 95.1 
-259.3 284.9 87.8 
-203.8 289.3 83.3 
-145.1 294.0 79.8 
-97.0 297.9 82.9 
-50.7 303.9 87.9 
-8.8 309.2 97.7 
26.8 313.8 106.6 
62.0 318.7 115.7 
101.2 325.1 130.9 
57.2 341.9 117.5 
18.1 331.7 104.7 
6.6 263.8 96.2 
-4.8 263.8 111.0 
-11.5 213.6 136.7 
-14.7 213.6 160.4 
-17.5 213.6 182.8 
-12.2 213.6 210.2 
-8.9 224.8 186.0 
-2.8 248.1 149.4 
2.2 284.5 112.8 
8.4 325.7 87.0 
11.3 366.7 71.5 
12.7 366.7 64.0 
15.3 366.7 62.7 
13.6 366.7 65.9 
7.0 366.7 74.8 
2.8 395.2 88.4 
-2.7 395.2 104.5 
-10.5 395.2 121.8 
-20.7 395.2 139.7 
-11.3 348.9 108.5 
3.1 285.0 89.3 
10.5 223.7 83.4 
15.6 223.7 87.8 
20.9 223.7 98.5 
25.3 223.7 112.1 
25.6 223.7 127.4 
26.7 210.6 147.6 
31.1 219.2 123.7 
41.7 242.4 88.5 
48.6 277.4 56.4 
49.3 318.4 29.9 
51.3 356.8 16.5 
51.9 389.6 11.5 
46.8 389.6 9.6 
41.3 389.6 9.9 
32.6 389.6 13.8 
70.5 379.2 24.2 
112.3 370.7 42.3 
146.8 364.6 64.5 
170.8 362.3 85.6 
149.9 358.6 61.6 
116.6 355.5 33.9 
74.0 350.0 7.2 
24.8 343.1 7.2 
-28.2 333.2 7.2 
-82.3 325.7 0.7 
-137.5 320.0 0.7 
-192.5 313.9 3.8 
-241.9 309.3 10.1 
-288.3 307.1 18.8 
-343.6 306.1 31.5 
-395.6 308.1 45.8 
-364.1 319.2 27.2 
-319.0 326.3 14.7 
-255.3 327.6 9.6 
-172.6 325.0 13.2 
-87.8 325.1 26.2 
-5.6 329.7 45.8 
65.2 332.9 71.5 
124.1 338.5 102.3 
162.1 341.2 129.2 
136.2 335.2 108.0 
99.2 328.1 84.7 
59.4 321.1 66.6 
21.7 311.8 52.0 
-13.5 304.0 44.5 
-45.8 298.3 41.8 
-4.7 301.3 46.8 
46.3 302.9 54.3 
90.4 303.3 62.2 
130.3 304.0 77.2 
166.7 308.1 98.3 
198.7 314.0 121.4 
198.7 318.2 142.0 
198.7 321.9 162.7 
182.7 318.7 135.3 
154.9 317.0 95.4 
116.8 313.9 56.4 
64.4 306.7 22.6 
-10.6 300.7 22.6 
-107.9 294.8 22.6 
-207.8 288.7 14.5 
-304.9 282.6 21.4 
-384.8 274.4 40.0 
-384.8 270.6 66.4 
-384.8 267.8 91.0 
-342.4 269.6 70.0 
-280.0 269.9 52.4 
-196.6 274.7 37.0 
-101.2 279.7 24.9 
-11.2 283.4 25.5 
66.6 285.6 36.2 
135.5 288.2 54.6 
196.2 294.1 78.4 
196.2 302.7 104.6 
196.2 310.4 129.5 
196.2 315.0 151.7 
196.2 320.4 172.8 
170.8 317.0 141.9 
117.9 310.8 94.9 
45.1 301.7 56.0 
-40.1 293.4 29.2 
-134.9 285.6 12.3 
-225.8 279.7 5.7 
-306.7 275.2 6.7 
-375.4 268.0 16.7 
-375.4 264.0 38.7 
-375.4 257.6 67.9 
-396.7 253.0 91.0 
-343.5 259.9 68.8 
-268.1 268.7 47.8 
-180.3 277.1 30.4 
-86.9 285.2 24.1 
-0.5 291.0 31.5 
43.5 290.4 41.9 
40.9 226.1 56.0 
34.7 226.1 101.8 
19.1 226.1 142.4 
4.6 203.9 176.5 
-7.1 203.9 203.8 
10.3 219.0 167.8 
34.9 261.9 106.0 
45.5 330.5 51.3 
55.8 330.5 28.8 
59.3 330.5 25.4 
52.2 387.6 38.3 
38.2 387.6 61.0 
25.5 387.6 88.3 
6.5 387.6 111.9 
27.1 354.1 83.1 
62.6 273.9 47.1 
69.5 273.9 37.8 
58.3 200.4 47.3 
41.0 200.4 71.5 
15.7 200.4 106.7 
-10.4 200.4 139.8 
-34.3 200.4 167.4 
-5.5 228.2 126.0 
37.6 284.9 72.1 
69.7 351.0 37.7 
80.1 351.0 20.1 
81.3 351.0 23.0 
69.9 351.0 37.1 
49.8 351.0 61.1 
24.7 388.8 88.4 
7.0 388.8 108.2 
34.0 341.7 79.7 
60.7 250.0 57.8 
64.8 250.0 59.4 
45.9 250.0 77.4 
24.9 250.0 102.7 
4.7 211.9 130.8 
-16.9 211.9 161.1 
-26.1 205.7 183.0 
-12.6 220.4 154.5 
25.2 264.9 100.0 
54.9 349.2 51.9 
64.6 349.2 33.5 
50.1 349.2 43.7 
27.2 349.2 76.3 
1.3 393.6 118.6 
-12.7 393.6 152.9 
-1.7 380.5 131.7 
26.0 309.5 68.0 
47.2 309.5 39.1 
43.6 309.5 51.3 
21.8 222.5 83.5 
-6.0 222.5 128.8 
-28.5 222.5 175.3 
-48.4 212.3 209.1 
-24.3 221.6 181.0 
39.4 259.5 124.3 
92.1 353.2 64.6 
77.8 353.2 38.5 
53.4 399.9 40.8 
116.3 376.5 58.9 
116.3 349.6 111.8 
175.1 337.1 192.5 
188.5 344.5 244.2 
156.8 342.2 181.1 
66.7 337.8 99.8 
-14.6 326.9 16.3 
-82.8 324.0 16.3 
-137.6 335.4 16.3 
-158.9 345.6 16.3 
-152.3 338.1 55.9 
-141.6 325.2 121.3 
-131.0 316.7 200.6 
-126.4 318.1 276.3 
-132.2 320.9 276.3 
-131.2 324.3 298.4 
-127.1 323.3 250.2 
-140.5 317.7 173.5 
-156.7 313.8 103.1 
-168.7 313.7 42.4 
-184.2 316.3 42.4 
-184.2 328.0 19.6 
-166.4 319.6 63.0 
-144.2 314.5 127.0 
-131.0 311.8 196.0 
-133.9 316.5 263.8 
-133.6 320.3 263.8 
-134.9 318.5 217.8 
-146.7 313.7 154.4 
-158.7 316.8 94.9 
-173.3 319.0 44.2 
