-217.2 253.7 72.3 
-198.8 237.1 103.4 
-107.2 292.8 132.7 
-223.2 235.9 125.3 
-280.7 235.9 243.5 
-281.3 237.6 195.6 
-189.4 223.3 53.4 
-163.7 247.5 70.0 
-83.9 315.7 57.3 
-80.9 309.0 30.6 
-57.7 368.5 55.8 
-12.3 368.5 70.7 
-48.6 335.3 60.4 
-149.8 255.3 69.5 
-122.2 240.3 23.0 
-190.2 216.0 54.1 
-275.5 216.0 166.1 
-256.6 219.0 140.3 
-231.8 214.3 112.7 
-62.5 203.9 68.1 
138.3 203.9 140.1 
151.5 206.9 201.1 
156.6 245.0 291.1 
139.4 283.6 291.1 
80.9 254.4 211.2 
-289.4 202.3 113.4 
-182.8 339.5 174.8 
-194.2 308.1 136.2 
-137.3 351.8 153.6 
-193.4 341.7 162.6 
-265.1 320.8 196.9 
-281.1 293.2 275.1 
-237.1 292.1 276.8 
-151.2 290.4 147.8 
-23.5 339.6 148.8 
108.6 339.6 183.5 
172.6 335.4 223.2 
24.2 289.1 142.5 
-156.1 266.7 196.5 
-198.1 212.3 196.5 
-184.9 235.7 140.8 
-62.8 303.0 74.1 
13.8 303.0 74.4 
-9.5 264.8 54.4 
-60.0 264.8 54.1 
-68.3 301.3 41.7 
-52.3 301.3 36.8 
-51.7 256.9 32.1 
-80.8 256.9 38.5 
-75.4 236.0 45.2 
-80.4 271.3 35.7 
-57.4 271.3 53.1 
