-220.4 303.0 170.0 
-253.2 286.0 170.3 
-322.5 268.3 190.5 
-277.6 273.1 155.7 
-211.5 259.6 129.7 
-211.5 240.6 119.3 
-214.3 240.6 124.7 
-214.6 203.6 133.3 
-234.2 213.8 100.9 
-276.7 231.3 35.2 
-249.1 213.1 62.2 
-218.0 213.1 90.8 
-239.5 212.4 92.1 
-242.7 212.4 89.7 
-241.1 212.4 89.8 
-234.4 212.4 96.5 
-230.3 212.4 110.8 
-222.4 212.4 128.2 
-222.6 236.3 116.6 
-226.3 282.8 101.0 
-226.7 282.3 79.5 
-221.0 282.7 20.8 
-215.9 282.4 44.4 
-201.2 270.3 122.4 
-201.2 261.7 199.9 
-201.2 256.3 221.3 
