-354.2 296.5 140.5 
-331.6 294.9 134.0 
-230.4 273.8 148.2 
-173.5 265.7 187.9 
-195.4 250.0 166.5 
-243.1 232.2 115.9 
-324.7 226.0 64.4 
-363.7 209.5 57.2 
-339.4 209.5 68.9 
-297.8 209.5 94.6 
-325.6 209.4 88.4 
-325.6 209.2 82.2 
-372.5 212.0 92.3 
-372.5 216.1 107.2 
-351.0 214.8 70.8 
-277.2 212.5 70.8 
-313.9 214.3 70.5 
-367.4 216.1 80.4 
-347.3 211.0 71.9 
-283.0 211.0 68.3 
-269.1 211.0 90.4 
-222.4 211.0 164.0 
-200.7 206.4 196.0 
-219.4 239.7 153.7 
-236.1 257.1 129.9 
-205.5 249.1 125.4 
-128.3 228.1 148.7 
-154.6 233.6 142.5 
-200.2 234.8 130.9 
-224.1 232.5 133.6 
-251.4 233.0 137.0 
-224.2 225.2 130.2 
-165.6 211.6 122.1 
-139.4 211.6 144.6 
-166.5 217.7 154.9 
-195.3 226.2 166.4 
-172.8 217.5 157.9 
-129.1 209.6 153.3 
-159.0 217.4 163.5 
-194.2 220.9 183.4 
-215.0 223.7 196.7 
